001_01.jpg 985 390 356 358
001_02.jpg 653 690 386 356
001_03.jpg 857 473 288 336
001_04.jpg 911 617 331 368
001_05.jpg 814 518 422 422
002_01.jpg 1021 194 386 368
002_02.jpg 904 312 211 232
002_03.jpg 481 647 356 375
002_04.jpg 1050 555 291 307
002_05.jpg 1051 429 211 211
003_01.jpg 1557 445 184 136
003_02.jpg 764 686 220 220
003_03.jpg 525 359 322 356
003_04.jpg 874 635 368 368
003_05.jpg 858 663 265 293
004_01.jpg 803 787 242 184
004_02.jpg 958 540 363 312
004_03.jpg 534 524 324 334
004_04.jpg 1039 551 279 279
004_05.jpg 1065 585 320 304
005_01.jpg 608 513 222 179
005_02.jpg 868 674 255 230
005_03.jpg 802 621 306 293
005_04.jpg 1315 525 386 312
005_05.jpg 711 395 247 228
006_01.jpg 516 489 529 540
006_02.jpg 929 415 368 368
006_03.jpg 1129 425 437 437
006_04.jpg 1152 392 401 359
006_05.jpg 560 328 380 338
007_01.jpg 1191 465 269 254
007_02.jpg 800 488 312 294
007_03.jpg 809 489 320 320
007_04.jpg 1246 233 307 288
007_05.jpg 307 370 443 464
008_01.jpg 1009 679 358 317
008_02.jpg 660 567 218 196
008_03.jpg 1123 528 267 230
008_04.jpg 560 497 443 401
008_05.jpg 941 504 218 255
009_01.jpg 649 537 306 279
009_02.jpg 919 328 422 464
009_03.jpg 619 250 363 329
009_04.jpg 813 547 412 388
009_05.jpg 872 621 293 293
010_01.jpg 1136 454 251 265
010_02.jpg 1257 393 352 304
010_03.jpg 543 672 386 365
010_04.jpg 1132 497 368 361
010_05.jpg 765 522 461 461
011_01.jpg 1178 314 293 279
011_02.jpg 911 653 349 349
011_03.jpg 539 434 422 443
011_04.jpg 268 565 329 334
011_05.jpg 286 470 368 294
012_01.jpg 1080 450 509 485
012_02.jpg 1096 497 271 213
012_03.jpg 1001 585 368 304
012_04.jpg 941 683 257 300
012_05.jpg 592 591 317 300
013_01.jpg 800 543 368 386
013_02.jpg 603 497 443 401
013_03.jpg 764 359 404 459
013_04.jpg 735 478 460 504
013_05.jpg 852 553 327 383
014_01.jpg 329 601 320 320
014_02.jpg 877 518 401 422
014_03.jpg 1013 371 267 243
014_04.jpg 585 585 352 304
014_05.jpg 856 672 368 349
015_01.jpg 1459 679 194 177
015_02.jpg 733 739 283 303
015_03.jpg 1146 798 243 211
015_04.jpg 883 511 232 191
015_05.jpg 752 758 298 305
016_01.jpg 1257 392 422 401
016_02.jpg 966 562 349 349
016_03.jpg 911 415 331 349
016_04.jpg 825 441 320 320
016_05.jpg 624 539 422 380
017_01.jpg 491 434 489 523
017_02.jpg 934 489 474 474
017_03.jpg 1278 722 322 307
017_04.jpg 1130 286 401 401
017_05.jpg 837 451 356 356
018_01.jpg 927 551 251 237
018_02.jpg 585 569 336 320
018_03.jpg 899 551 237 279
018_04.jpg 997 523 251 265
018_05.jpg 646 456 433 445
019_01.jpg 727 378 386 386
019_02.jpg 701 325 276 220
019_03.jpg 1081 601 272 288
019_04.jpg 1220 607 265 279
019_05.jpg 1257 603 359 359
020_01.jpg 838 377 437 485
020_02.jpg 635 342 320 293
020_03.jpg 527 594 317 286
020_04.jpg 907 463 412 380
020_05.jpg 1345 432 341 281
021_01.jpg 1017 457 384 304
021_02.jpg 760 690 279 279
021_03.jpg 690 551 306 265
021_04.jpg 324 439 385 324
021_05.jpg 782 396 331 331
022_01.jpg 1484 819 243 222
022_02.jpg 1039 663 293 279
022_03.jpg 966 543 349 312
022_04.jpg 919 518 422 401
022_05.jpg 1095 690 386 347
023_01.jpg 495 468 306 265
023_02.jpg 793 457 352 336
023_03.jpg 708 392 422 422
023_04.jpg 760 468 293 293
023_05.jpg 498 595 509 455
024_01.jpg 905 553 320 336
024_02.jpg 1522 750 202 184
024_03.jpg 868 638 243 267
024_04.jpg 1088 392 380 443
024_05.jpg 653 378 386 368
025_01.jpg 1186 470 349 331
025_02.jpg 217 537 352 320
025_03.jpg 1108 621 306 293
025_04.jpg 450 474 485 461
025_05.jpg 1111 601 267 230
026_01.jpg 1223 580 386 368
026_02.jpg 919 645 401 392
026_03.jpg 955 635 306 279
026_04.jpg 1004 539 401 401
026_05.jpg 1065 521 320 320
027_01.jpg 690 454 293 293
027_02.jpg 361 713 304 304
027_03.jpg 783 347 230 255
027_04.jpg 940 624 401 401
027_05.jpg 571 498 461 437
028_01.jpg 1062 365 243 211
028_02.jpg 1118 493 175 165
028_03.jpg 732 565 306 237
028_04.jpg 983 649 334 265
028_05.jpg 777 409 384 304
029_01.jpg 815 482 186 157
029_02.jpg 1270 720 230 206
029_03.jpg 1307 393 257 230
029_04.jpg 1270 344 286 274
029_05.jpg 261 645 274 249
030_01.jpg 1186 470 386 386
030_02.jpg 1215 476 443 486
030_03.jpg 806 320 397 356
030_04.jpg 672 482 307 271
030_05.jpg 544 405 557 501
031_01.jpg 921 601 304 320
031_02.jpg 969 489 320 336
031_03.jpg 862 450 485 485
031_04.jpg 1109 476 359 317
031_05.jpg 800 525 349 349
032_01.jpg 433 709 441 338
032_02.jpg 837 294 215 189
032_03.jpg 1199 714 201 222
032_04.jpg 796 829 269 172
032_05.jpg 1178 819 243 190
033_01.jpg 1508 645 143 199
033_02.jpg 1294 798 211 222
033_03.jpg 1083 714 201 222
033_04.jpg 505 665 320 368
033_05.jpg 1289 649 320 320
034_01.jpg 970 439 441 395
034_02.jpg 1135 601 230 218
034_03.jpg 1049 521 288 288
034_04.jpg 631 630 366 332
034_05.jpg 793 539 422 401
035_01.jpg 1152 370 380 401
035_02.jpg 1136 228 211 222
035_03.jpg 857 457 320 304
035_04.jpg 1225 297 304 272
035_05.jpg 198 514 269 276
036_01.jpg 1136 661 211 201
036_02.jpg 983 509 293 265
036_03.jpg 1469 700 186 218
036_04.jpg 1329 601 203 153
036_05.jpg 1065 528 223 174
037_01.jpg 1375 649 153 167
037_02.jpg 1309 654 172 165
037_03.jpg 1509 653 168 176
037_04.jpg 1317 783 267 255
037_05.jpg 1345 203 279 293
038_01.jpg 176 304 331 368
038_02.jpg 911 267 349 368
038_03.jpg 1260 635 386 386
038_04.jpg 489 521 336 320
038_05.jpg 984 433 331 349
039_01.jpg 819 576 211 243
039_02.jpg 1111 504 243 255
039_03.jpg 617 617 368 349
039_04.jpg 983 398 279 279
039_05.jpg 802 300 251 306
040_01.jpg 551 523 265 293
040_02.jpg 468 746 279 265
040_03.jpg 1058 506 404 386
040_04.jpg 729 457 320 352
040_05.jpg 1025 607 306 320
041_01.jpg 454 352 237 240
041_02.jpg 767 603 303 332
041_03.jpg 1135 507 327 356
041_04.jpg 1135 415 324 344
041_05.jpg 776 492 339 390
042_01.jpg 1255 676 175 165
042_02.jpg 983 401 509 534
042_03.jpg 1203 797 201 220
042_04.jpg 1004 625 291 276
042_05.jpg 1168 543 404 441
043_01.jpg 233 537 272 272
043_02.jpg 1363 370 401 359
043_03.jpg 837 580 331 331
043_04.jpg 876 463 291 237
043_05.jpg 1021 594 237 230
044_01.jpg 682 787 243 211
044_02.jpg 530 691 303 245
044_03.jpg 856 686 279 230
044_04.jpg 1278 525 404 368
044_05.jpg 568 635 383 329
045_01.jpg 668 231 534 485
045_02.jpg 1001 665 320 320
045_03.jpg 1150 704 251 265
045_04.jpg 1289 745 304 288
045_05.jpg 692 547 485 479
046_01.jpg 1002 562 402 307
046_02.jpg 1292 601 279 218
046_03.jpg 983 677 265 251
046_04.jpg 984 543 386 331
046_05.jpg 1153 425 485 437
047_01.jpg 966 396 368 349
047_02.jpg 747 819 243 230
047_03.jpg 873 617 336 320
047_04.jpg 983 392 422 422
047_05.jpg 1278 598 349 331
048_01.jpg 1111 528 255 255
048_02.jpg 987 398 317 332
048_03.jpg 709 286 386 386
048_04.jpg 798 708 264 254
048_05.jpg 491 710 298 274
049_01.jpg 1050 674 266 293
049_02.jpg 441 329 384 384
049_03.jpg 934 516 474 512
049_04.jpg 1153 595 437 455
049_05.jpg 765 522 509 485
050_01.jpg 370 378 310 283
050_02.jpg 549 536 310 310
050_03.jpg 967 629 222 201
050_04.jpg 1103 751 383 329
050_05.jpg 809 489 336 320
051_01.jpg 1039 359 404 386
051_02.jpg 1173 265 380 422
051_03.jpg 1384 392 422 422
051_04.jpg 1053 370 251 265
051_05.jpg 601 697 320 320
052_01.jpg 1278 672 368 375
052_02.jpg 663 454 265 279
052_03.jpg 521 409 352 320
052_04.jpg 1241 569 288 304
052_05.jpg 910 574 540 433
053_01.jpg 195 570 232 261
053_02.jpg 195 524 373 344
053_03.jpg 847 538 315 271
053_04.jpg 752 560 322 317
053_05.jpg 461 600 474 429
054_01.jpg 1086 759 255 243
054_02.jpg 1088 455 443 401
054_03.jpg 1111 482 521 436
054_04.jpg 1001 613 243 218
054_05.jpg 983 663 279 279
055_01.jpg 802 844 306 220
055_02.jpg 746 356 251 293
055_03.jpg 899 635 279 279
055_04.jpg 913 440 279 293
055_05.jpg 841 505 336 336
056_01.jpg 1222 540 305 264
056_02.jpg 628 461 557 554
056_03.jpg 1164 426 293 293
056_04.jpg 461 489 557 474
056_05.jpg 1257 645 380 380
057_01.jpg 1246 759 175 193
057_02.jpg 1421 778 202 184
057_03.jpg 1120 623 211 196
057_04.jpg 873 473 324 291
057_05.jpg 772 577 334 327
058_01.jpg 1220 412 306 293
058_02.jpg 1159 528 206 243
058_03.jpg 1129 345 320 352
058_04.jpg 1025 307 443 486
058_05.jpg 1278 413 422 401
059_01.jpg 1394 691 199 172
059_02.jpg 905 688 346 339
059_03.jpg 851 703 253 243
059_04.jpg 788 398 293 279
059_05.jpg 1058 580 368 349
060_01.jpg 668 353 461 461
060_02.jpg 1173 349 359 401
060_03.jpg 729 392 380 380
060_04.jpg 645 413 464 464
060_05.jpg 795 489 557 554
061_01.jpg 292 427 356 307
061_02.jpg 994 444 329 310
061_03.jpg 741 796 184 175
061_04.jpg 1317 710 230 255
061_05.jpg 1241 572 501 470
062_01.jpg 716 353 461 412
062_02.jpg 835 413 422 401
062_03.jpg 708 518 401 422
062_04.jpg 1352 525 386 386
062_05.jpg 1205 488 368 349
063_01.jpg 735 541 255 243
063_02.jpg 1025 495 334 293
063_03.jpg 1050 759 255 218
063_04.jpg 889 457 368 352
063_05.jpg 1467 441 240 245
064_01.jpg 709 543 368 386
064_02.jpg 876 526 351 298
064_03.jpg 992 705 194 184
064_04.jpg 859 422 358 344
064_05.jpg 651 531 477 484
065_01.jpg 367 812 240 240
065_02.jpg 454 398 293 293
065_03.jpg 142 708 303 276
065_04.jpg 750 585 202 175
065_05.jpg 212 526 254 254
066_01.jpg 621 493 202 184
066_02.jpg 119 551 279 237
066_03.jpg 819 488 368 349
066_04.jpg 1289 370 320 265
066_05.jpg 800 562 368 368
067_01.jpg 941 704 306 279
067_02.jpg 1352 598 368 349
067_03.jpg 857 713 304 320
067_04.jpg 684 492 492 487
067_05.jpg 985 585 304 320
068_01.jpg 1080 746 279 293
068_02.jpg 412 495 334 306
068_03.jpg 569 729 368 288
068_04.jpg 999 418 211 211
068_05.jpg 1229 540 232 228
069_01.jpg 1311 778 165 184
069_02.jpg 1523 528 267 230
069_03.jpg 1336 492 201 179
069_04.jpg 1195 553 255 230
069_05.jpg 1039 663 279 265
070_01.jpg 862 498 485 437
070_02.jpg 649 521 336 288
070_03.jpg 745 304 331 312
070_04.jpg 708 413 422 359
070_05.jpg 927 364 475 409
071_01.jpg 795 686 230 230
071_02.jpg 937 585 304 304
071_03.jpg 729 582 401 422
071_04.jpg 709 598 368 368
071_05.jpg 841 553 320 304
072_01.jpg 946 513 253 222
072_02.jpg 777 505 368 336
072_03.jpg 670 448 496 441
072_04.jpg 776 468 346 315
072_05.jpg 915 483 193 184
073_01.jpg 1195 807 230 218
073_02.jpg 1321 681 288 336
073_03.jpg 328 603 443 401
073_04.jpg 777 601 320 320
073_05.jpg 959 595 534 431
074_01.jpg 798 703 222 201
074_02.jpg 905 528 261 240
074_03.jpg 537 409 336 336
074_04.jpg 1086 482 281 305
074_05.jpg 868 591 278 206
075_01.jpg 851 336 165 184
075_02.jpg 1135 444 255 279
075_03.jpg 889 409 288 304
075_04.jpg 1094 587 211 222
075_05.jpg 927 328 279 293
076_01.jpg 1234 746 293 279
076_02.jpg 969 553 304 320
076_03.jpg 765 450 485 437
076_04.jpg 1004 539 401 359
076_05.jpg 467 342 274 252
077_01.jpg 807 528 291 206
077_02.jpg 825 473 304 288
077_03.jpg 649 732 251 265
077_04.jpg 1210 766 243 243
077_05.jpg 638 698 291 291
078_01.jpg 946 545 201 211
078_02.jpg 593 607 265 279
078_03.jpg 728 492 353 344
078_04.jpg 750 560 380 401
078_05.jpg 1145 633 320 320
079_01.jpg 676 585 193 184
079_02.jpg 1076 249 349 404
079_03.jpg 1449 409 336 320
079_04.jpg 482 328 279 293
079_05.jpg 858 704 306 265
080_01.jpg 1001 698 255 243
080_02.jpg 1152 560 401 422
080_03.jpg 1118 519 259 274
080_04.jpg 747 574 257 235
080_05.jpg 771 565 291 243
081_01.jpg 1191 695 175 202
081_02.jpg 1081 489 288 320
081_03.jpg 396 580 368 349
081_04.jpg 1025 476 401 422
081_05.jpg 1001 441 288 336
082_01.jpg 1086 572 201 225
082_02.jpg 1048 654 288 300
082_03.jpg 941 393 443 477
082_04.jpg 1350 572 395 429
082_05.jpg 1186 361 385 419
083_01.jpg 750 413 464 422
083_02.jpg 1177 498 485 485
083_03.jpg 782 470 368 331
083_04.jpg 1094 328 279 265
083_05.jpg 929 525 423 368
084_01.jpg 905 665 304 304
084_02.jpg 1046 539 380 380
084_03.jpg 508 768 261 242
084_04.jpg 1149 618 225 247
084_05.jpg 1257 281 272 288
085_01.jpg 396 506 368 331
085_02.jpg 389 485 436 363
085_03.jpg 1016 347 419 395
085_04.jpg 1062 565 218 230
085_05.jpg 1173 434 464 443
086_01.jpg 1234 774 279 251
086_02.jpg 985 393 320 288
086_03.jpg 665 519 453 433
086_04.jpg 1060 751 286 247
086_05.jpg 1236 645 401 359
087_01.jpg 1220 671 211 201
087_02.jpg 1171 528 267 267
087_03.jpg 873 528 286 288
087_04.jpg 1016 434 506 467
087_05.jpg 835 434 486 443
088_01.jpg 1009 494 506 460
088_02.jpg 911 543 404 404
088_03.jpg 760 593 293 279
088_04.jpg 746 426 279 279
088_05.jpg 1021 398 361 358
089_01.jpg 1104 724 201 201
089_02.jpg 919 698 215 211
089_03.jpg 474 456 249 228
089_04.jpg 1031 204 341 339
089_05.jpg 1028 710 293 305
090_01.jpg 955 273 265 265
090_02.jpg 962 434 422 422
090_03.jpg 793 361 320 320
090_04.jpg 1001 537 320 336
090_05.jpg 629 432 501 465
