001_f.jpg 1377 1342 265 265
001_l.jpg 1210 1370 209 237
001_r.jpg 1579 1366 218 267
002_f.jpg 1337 1408 243 255
002_l.jpg 1345 1404 209 237
002_r.jpg 1457 1376 209 237
003_f.jpg 1383 1130 251 251
003_l.jpg 1327 1172 223 265
003_r.jpg 1452 1168 206 243
004_f.jpg 1349 1432 267 243
004_l.jpg 1276 1456 206 218
004_r.jpg 1514 1448 209 223
005_f.jpg 1333 1332 279 223
005_l.jpg 1331 1354 194 218
005_r.jpg 1549 1354 206 218
006_f.jpg 1399 1158 279 251
006_l.jpg 1252 1192 218 243
006_r.jpg 1541 1188 224 240
007_f.jpg 1421 1348 255 218
007_l.jpg 1312 1372 206 218
007_r.jpg 1511 1381 201 222
008_f.jpg 1368 1384 267 243
008_l.jpg 1307 1358 223 265
008_r.jpg 1489 1384 243 230
009_f.jpg 1367 1150 255 230
009_l.jpg 1325 1152 195 223
009_r.jpg 1500 1162 218 218
010_f.jpg 1403 1258 243 243
010_l.jpg 1379 1295 182 218
010_r.jpg 1403 1295 206 218
011_f.jpg 1343 1360 265 237
011_l.jpg 1259 1374 223 223
011_r.jpg 1412 1374 237 237
012_f.jpg 1337 1240 255 255
012_l.jpg 1337 1252 209 251
012_r.jpg 1470 1252 218 218
013_f.jpg 1365 1132 251 251
013_l.jpg 1240 1132 209 251
013_r.jpg 1477 1128 256 240
014_f.jpg 1337 1192 265 265
014_l.jpg 1267 1206 209 251
014_r.jpg 1546 1220 237 237
015_f.jpg 1399 1278 265 265
015_l.jpg 1315 1278 209 237
015_r.jpg 1496 1278 223 237
016_f.jpg 1377 1370 265 251
016_l.jpg 1349 1360 194 206
016_r.jpg 1470 1360 218 218
017_f.jpg 1423 1296 293 237
017_l.jpg 1284 1352 223 237
017_r.jpg 1548 1366 237 223
018_f.jpg 1387 1210 265 251
018_l.jpg 1345 1224 209 209
018_r.jpg 1495 1186 194 279
019_f.jpg 1387 1312 279 251
019_l.jpg 1264 1336 194 230
019_r.jpg 1543 1324 206 230
020_f.jpg 1413 1270 265 251
020_l.jpg 1300 1282 206 194
020_r.jpg 1543 1294 206 218
021_f.jpg 1403 1636 230 230
021_l.jpg 1354 1636 182 182
021_r.jpg 1500 1611 170 218
022_f.jpg 1377 1296 288 256
022_l.jpg 1297 1328 208 272
022_r.jpg 1521 1344 224 256
023_f.jpg 1361 1222 255 243
023_l.jpg 1234 1238 209 223
023_r.jpg 1526 1224 209 223
024_f.jpg 1375 1216 265 251
024_l.jpg 1357 1228 224 240
024_r.jpg 1417 1230 237 237
025_f.jpg 1403 1288 243 218
025_l.jpg 1292 1266 195 237
025_r.jpg 1500 1288 194 218
026_f.jpg 1437 1032 265 237
026_l.jpg 1270 1088 223 251
026_r.jpg 1501 1056 224 240
027_f.jpg 1403 1215 243 267
027_l.jpg 1383 1236 209 237
027_r.jpg 1494 1222 223 237
028_f.jpg 1377 1172 293 223
028_l.jpg 1331 1150 230 218
028_r.jpg 1558 1200 223 209
029_f.jpg 1337 1462 255 230
029_l.jpg 1434 1462 194 218
029_r.jpg 1410 1474 230 206
030_f.jpg 1367 1300 267 255
030_l.jpg 1331 1282 223 251
030_r.jpg 1470 1296 223 237
031_f.jpg 1349 1228 255 255
031_l.jpg 1281 1230 209 237
031_r.jpg 1531 1228 218 243
032_f.jpg 1345 1386 279 251
032_l.jpg 1247 1386 209 237
032_r.jpg 1484 1414 223 223
033_f.jpg 1353 1148 279 279
033_l.jpg 1417 1158 224 240
033_r.jpg 1353 1176 237 251
034_f.jpg 1357 1282 265 251
034_l.jpg 1329 1324 223 237
034_r.jpg 1454 1310 223 237
035_f.jpg 1389 1374 251 265
035_l.jpg 1277 1388 223 237
035_r.jpg 1519 1396 218 230
036_f.jpg 1415 1480 243 218
036_l.jpg 1440 1480 206 206
036_r.jpg 1367 1492 206 206
037_f.jpg 1373 1258 243 255
037_l.jpg 1291 1298 209 251
037_r.jpg 1556 1270 223 251
038_f.jpg 1391 1450 243 230
038_l.jpg 1306 1450 243 206
038_r.jpg 1524 1450 194 218
039_f.jpg 1445 1492 230 230
039_l.jpg 1168 1487 212 242
039_r.jpg 1493 1492 182 218
040_f.jpg 1446 1330 206 243
040_l.jpg 1337 1306 170 230
040_r.jpg 1531 1306 170 243
041_f.jpg 1445 1498 255 243
041_l.jpg 1134 1472 182 291
041_r.jpg 1558 1487 173 281
042_f.jpg 1350 1318 230 243
042_l.jpg 1178 1336 223 237
042_r.jpg 1634 1344 210 211
043_f.jpg 1361 1564 230 230
043_l.jpg 1288 1552 194 218
043_r.jpg 1584 1561 169 222
044_f.jpg 1367 1354 255 218
044_l.jpg 1325 1370 209 223
044_r.jpg 1520 1398 223 209
045_f.jpg 1383 1148 265 251
045_l.jpg 1313 1162 223 237
045_r.jpg 1440 1174 230 230
046_f.jpg 1343 1236 279 223
046_l.jpg 1325 1264 218 218
046_r.jpg 1471 1264 206 206
047_f.jpg 1415 1438 230 230
047_l.jpg 1316 1424 293 223
047_r.jpg 1500 1450 218 206
048_f.jpg 1417 1276 279 293
048_l.jpg 1389 1304 223 237
048_r.jpg 1431 1290 237 237
049_f.jpg 1403 1326 265 251
049_l.jpg 1361 1340 209 237
049_r.jpg 1451 1348 206 218
050_f.jpg 1373 1288 265 251
050_l.jpg 1303 1288 223 209
050_r.jpg 1540 1288 237 223
051_f.jpg 1415 1144 265 237
051_l.jpg 1373 1186 206 230
051_r.jpg 1484 1186 223 223
052_f.jpg 1385 1480 243 243
052_l.jpg 1324 1480 182 206
052_r.jpg 1507 1478 237 209
053_f.jpg 1369 1418 265 251
053_l.jpg 1258 1418 209 237
053_r.jpg 1494 1432 237 237
054_f.jpg 1387 1296 279 251
054_l.jpg 1353 1320 224 240
054_r.jpg 1481 1304 240 240
055_f.jpg 1430 1643 232 211
055_l.jpg 1282 1643 201 201
055_r.jpg 1525 1643 201 201
056_f.jpg 1409 1426 279 243
056_l.jpg 1256 1454 209 223
056_r.jpg 1590 1468 223 209
057_f.jpg 1433 1294 243 243
057_l.jpg 1298 1296 223 195
057_r.jpg 1445 1294 206 206
058_f.jpg 1361 1486 255 243
058_l.jpg 1377 1434 256 272
058_r.jpg 1447 1472 223 223
059_f.jpg 1430 1498 222 201
059_l.jpg 1409 1498 169 232
059_r.jpg 1567 1550 148 190
060_f.jpg 1401 1322 251 265
060_l.jpg 1206 1322 209 237
060_r.jpg 1568 1336 223 223
061_f.jpg 1457 1648 230 230
061_l.jpg 1421 1660 218 194
061_r.jpg 1571 1652 165 202
062_f.jpg 1367 1494 265 237
062_l.jpg 1270 1480 223 265
062_r.jpg 1492 1494 237 251
063_f.jpg 1353 1086 293 237
063_l.jpg 1241 1086 195 251
063_r.jpg 1548 1114 223 223
064_f.jpg 1397 1288 230 243
064_l.jpg 1208 1282 209 237
064_r.jpg 1528 1296 209 223
065_f.jpg 1409 1558 230 218
065_l.jpg 1345 1589 232 211
065_r.jpg 1457 1582 218 206
066_f.jpg 1403 1342 255 230
066_l.jpg 1325 1330 209 223
066_r.jpg 1478 1358 223 209
067_f.jpg 1391 1558 206 230
067_l.jpg 1311 1540 209 265
067_r.jpg 1585 1568 179 211
068_f.jpg 1379 1606 243 243
068_l.jpg 1312 1624 179 201
068_r.jpg 1524 1613 158 211
069_f.jpg 1349 1636 243 218
069_l.jpg 1424 1648 190 190
069_r.jpg 1361 1660 230 182
070_f.jpg 1397 1312 267 230
070_l.jpg 1264 1300 218 206
070_r.jpg 1518 1312 230 206
071_f.jpg 1415 1309 256 247
071_l.jpg 1286 1329 227 266
071_r.jpg 1503 1309 207 266
072_f.jpg 1372 1690 243 206
072_l.jpg 1398 1687 190 190
072_r.jpg 1433 1690 206 206
073_f.jpg 1409 1804 255 218
073_l.jpg 1397 1792 206 194
073_r.jpg 1449 1804 223 195
074_f.jpg 1409 1497 230 243
074_l.jpg 1372 1497 194 230
074_r.jpg 1379 1502 223 223
075_f.jpg 1361 1401 230 230
075_l.jpg 1373 1389 194 218
075_r.jpg 1516 1405 148 211
076_f.jpg 1337 1258 255 230
076_l.jpg 1240 1270 206 230
076_r.jpg 1531 1295 206 218
077_f.jpg 1372 1366 243 230
077_l.jpg 1302 1298 190 179
077_r.jpg 1518 1354 206 218
078_f.jpg 1421 1600 230 218
078_l.jpg 1404 1621 158 201
078_r.jpg 1470 1612 158 206
079_f.jpg 1409 1462 218 218
079_l.jpg 1324 1450 255 218
079_r.jpg 1470 1462 230 218
080_f.jpg 1375 1278 237 279
080_l.jpg 1229 1270 208 256
080_r.jpg 1598 1292 209 251
081_f.jpg 1397 1414 255 218
081_l.jpg 1284 1414 167 209
081_r.jpg 1459 1432 190 211
082_f.jpg 1415 1336 243 255
082_l.jpg 1335 1352 240 240
082_r.jpg 1464 1348 218 243
083_f.jpg 1351 1104 306 237
083_l.jpg 1267 1104 223 237
083_r.jpg 1462 1104 251 237
084_f.jpg 1359 1132 265 265
084_l.jpg 1289 1146 195 251
084_r.jpg 1622 1180 194 230
085_f.jpg 1371 1326 279 223
085_l.jpg 1301 1340 209 223
085_r.jpg 1501 1348 206 206
086_f.jpg 1369 1306 279 237
086_l.jpg 1319 1312 206 218
086_r.jpg 1536 1306 209 223
087_f.jpg 1342 1474 243 243
087_l.jpg 1318 1498 230 218
087_r.jpg 1476 1498 182 218
088_f.jpg 1399 1230 279 265
088_l.jpg 1315 1258 209 223
088_r.jpg 1482 1258 218 230
089_f.jpg 1433 1528 230 218
089_l.jpg 1300 1516 170 194
089_r.jpg 1544 1512 195 223
090_f.jpg 1351 1376 251 265
090_l.jpg 1282 1390 223 237
090_r.jpg 1504 1404 223 223
