001_01.jpg 835 560 464 477
001_02.jpg 1072 691 312 295
001_03.jpg 1194 413 338 317
001_04.jpg 1104 522 485 461
001_05.jpg 580 304 349 368
002_01.jpg 1239 628 387 441
002_02.jpg 1154 570 380 351
002_03.jpg 977 666 380 366
002_04.jpg 265 473 352 336
002_05.jpg 906 238 474 529
003_01.jpg 595 498 437 461
003_02.jpg 709 433 349 368
003_03.jpg 629 566 232 201
003_04.jpg 1210 538 317 332
003_05.jpg 1496 717 218 220
004_01.jpg 425 567 409 375
004_02.jpg 1164 635 310 278
004_03.jpg 1082 616 257 230
004_04.jpg 1278 433 368 331
004_05.jpg 1017 409 352 320
005_01.jpg 1050 674 279 182
005_02.jpg 1331 579 293 265
005_03.jpg 1039 488 349 312
005_04.jpg 1142 378 547 455
005_05.jpg 1122 579 279 251
006_01.jpg 890 620 383 320
006_02.jpg 962 392 443 486
006_03.jpg 328 342 306 279
006_04.jpg 1194 413 464 464
006_05.jpg 1002 381 409 416
007_01.jpg 919 582 422 380
007_02.jpg 328 398 279 251
007_03.jpg 838 450 461 461
007_04.jpg 1242 359 368 386
007_05.jpg 1136 384 306 279
008_01.jpg 985 409 304 304
008_02.jpg 899 468 293 279
008_03.jpg 809 505 352 320
008_04.jpg 580 470 331 349
008_05.jpg 577 395 255 255
009_01.jpg 977 528 267 267
009_02.jpg 551 621 320 279
009_03.jpg 983 455 422 422
009_04.jpg 899 482 306 306
009_05.jpg 447 474 193 184
010_01.jpg 1305 617 288 272
010_02.jpg 1058 415 349 331
010_03.jpg 704 635 251 265
010_04.jpg 1463 777 211 190
010_05.jpg 916 516 230 243
011_01.jpg 1225 441 336 320
011_02.jpg 624 434 397 387
011_03.jpg 1305 798 222 201
011_04.jpg 1274 353 485 461
011_05.jpg 1275 300 265 293
012_01.jpg 1159 625 230 255
012_02.jpg 1292 436 269 230
012_03.jpg 1048 361 438 441
012_04.jpg 800 617 331 312
012_05.jpg 1312 509 429 409
013_01.jpg 952 520 193 211
013_02.jpg 841 681 272 304
013_03.jpg 929 488 404 404
013_04.jpg 1257 585 336 304
013_05.jpg 889 553 336 304
014_01.jpg 666 624 401 401
014_02.jpg 940 497 401 401
014_03.jpg 562 470 331 386
014_04.jpg 1274 498 461 485
014_05.jpg 1094 328 251 279
015_01.jpg 970 623 419 433
015_02.jpg 1189 787 211 201
015_03.jpg 946 548 373 368
015_04.jpg 837 543 368 386
015_05.jpg 841 585 384 304
016_01.jpg 1011 565 293 251
016_02.jpg 825 617 352 320
016_03.jpg 1213 433 474 582
016_04.jpg 649 521 352 288
016_05.jpg 518 392 443 359
017_01.jpg 522 425 485 485
017_02.jpg 1157 756 211 190
017_03.jpg 648 751 245 215
017_04.jpg 621 454 279 279
017_05.jpg 1069 519 346 312
018_01.jpg 798 798 222 190
018_02.jpg 1253 671 337 344
018_03.jpg 1003 543 349 368
018_04.jpg 1152 392 359 401
018_05.jpg 710 710 267 255
019_01.jpg 1153 595 437 412
019_02.jpg 576 739 283 232
019_03.jpg 692 377 437 437
019_04.jpg 1450 759 243 218
019_05.jpg 953 681 320 336
020_01.jpg 617 601 352 288
020_02.jpg 962 413 422 422
020_03.jpg 854 584 433 395
020_04.jpg 1324 504 337 353
020_05.jpg 982 427 211 223
021_01.jpg 764 470 386 368
021_02.jpg 962 307 422 422
021_03.jpg 411 400 201 194
021_04.jpg 488 506 276 276
021_05.jpg 579 495 251 265
022_01.jpg 1273 640 232 222
022_02.jpg 898 265 422 401
022_03.jpg 857 665 336 304
022_04.jpg 708 476 464 422
022_05.jpg 1013 662 267 267
023_01.jpg 489 521 336 336
023_02.jpg 469 485 387 337
023_03.jpg 1007 450 509 509
023_04.jpg 807 625 303 243
023_05.jpg 708 582 401 359
024_01.jpg 595 450 461 509
024_02.jpg 1168 562 349 368
024_03.jpg 287 384 306 293
024_04.jpg 898 370 443 422
024_05.jpg 1017 601 320 352
025_01.jpg 329 665 352 320
025_02.jpg 703 397 253 232
025_03.jpg 889 729 336 316
025_04.jpg 1001 468 218 206
025_05.jpg 1135 625 267 243
026_01.jpg 1062 756 232 222
026_02.jpg 1004 328 401 422
026_03.jpg 925 629 211 222
026_04.jpg 873 425 304 304
026_05.jpg 1130 455 401 359
027_01.jpg 841 409 288 288
027_02.jpg 1181 686 378 329
027_03.jpg 1195 698 230 230
027_04.jpg 858 537 293 293
027_05.jpg 663 412 251 251
028_01.jpg 1062 513 232 169
028_02.jpg 729 413 401 317
028_03.jpg 1026 638 255 218
028_04.jpg 1413 608 358 320
028_05.jpg 635 440 306 251
029_01.jpg 859 490 293 305
029_02.jpg 1212 482 310 320
029_03.jpg 609 485 339 291
029_04.jpg 878 499 165 140
029_05.jpg 1200 674 162 167
030_01.jpg 465 497 480 416
030_02.jpg 729 521 336 336
030_03.jpg 645 560 422 422
030_04.jpg 793 681 352 352
030_05.jpg 441 281 304 240
031_01.jpg 603 624 422 413
031_02.jpg 1086 553 230 243
031_03.jpg 857 601 288 288
031_04.jpg 969 617 304 304
031_05.jpg 877 307 401 443
032_01.jpg 723 628 419 416
032_02.jpg 1256 647 295 247
032_03.jpg 607 621 279 279
032_04.jpg 973 700 346 310
032_05.jpg 506 617 404 349
033_01.jpg 815 754 189 206
033_02.jpg 1135 638 230 243
033_03.jpg 1294 819 222 211
033_04.jpg 1113 345 352 336
033_05.jpg 1051 619 232 222
034_01.jpg 1115 650 211 222
034_02.jpg 857 569 304 288
034_03.jpg 105 569 336 304
034_04.jpg 966 451 404 404
034_05.jpg 1377 650 243 206
035_01.jpg 645 518 401 380
035_02.jpg 819 541 255 243
035_03.jpg 601 577 243 255
035_04.jpg 488 525 331 349
035_05.jpg 309 359 462 511
036_01.jpg 732 690 265 251
036_02.jpg 779 596 368 307
036_03.jpg 766 260 222 211
036_04.jpg 1086 194 542 530
036_05.jpg 890 444 506 487
037_01.jpg 370 202 422 380
037_02.jpg 624 518 422 507
037_03.jpg 1213 765 168 192
037_04.jpg 1292 456 175 184
037_05.jpg 1283 465 175 184
038_01.jpg 418 531 470 431
038_02.jpg 663 398 293 306
038_03.jpg 568 582 397 349
038_04.jpg 1055 424 361 339
038_05.jpg 1135 710 230 230
039_01.jpg 393 409 320 304
039_02.jpg 1161 425 336 320
039_03.jpg 750 392 359 422
039_04.jpg 1280 589 218 206
039_05.jpg 1280 456 218 255
040_01.jpg 1017 585 304 336
040_02.jpg 745 682 201 211
040_03.jpg 1088 202 443 443
040_04.jpg 1113 505 320 304
040_05.jpg 1209 425 320 336
041_01.jpg 1130 417 269 276
041_02.jpg 1186 618 324 375
041_03.jpg 1469 574 303 315
041_04.jpg 626 465 264 254
041_05.jpg 1239 415 361 324
042_01.jpg 713 425 304 272
042_02.jpg 1003 451 368 368
042_03.jpg 917 490 247 232
042_04.jpg 1201 522 534 461
042_05.jpg 1297 341 331 312
043_01.jpg 497 434 359 380
043_02.jpg 745 521 320 368
043_03.jpg 962 434 380 401
043_04.jpg 967 376 211 232
043_05.jpg 1191 407 329 288
044_01.jpg 1040 584 484 390
044_02.jpg 899 677 293 279
044_03.jpg 1147 492 279 243
044_04.jpg 807 686 279 230
044_05.jpg 1275 356 265 251
045_01.jpg 539 539 401 401
045_02.jpg 425 450 437 437
045_03.jpg 571 353 412 461
045_04.jpg 617 585 288 304
045_05.jpg 750 624 359 359
046_01.jpg 635 396 386 312
046_02.jpg 765 595 509 431
046_03.jpg 940 455 443 380
046_04.jpg 1104 450 509 437
046_05.jpg 940 455 443 422
047_01.jpg 1039 525 368 349
047_02.jpg 1048 570 414 351
047_03.jpg 1283 688 419 358
047_04.jpg 798 650 232 201
047_05.jpg 1234 677 293 306
048_01.jpg 1101 618 310 300
048_02.jpg 646 264 523 567
048_03.jpg 793 569 304 304
048_04.jpg 774 217 265 251
048_05.jpg 650 771 243 218
049_01.jpg 813 498 461 412
049_02.jpg 543 451 368 386
049_03.jpg 1003 488 349 331
049_04.jpg 521 665 320 320
049_05.jpg 159 474 534 485
050_01.jpg 473 681 368 272
050_02.jpg 1278 453 303 257
050_03.jpg 1136 745 222 211
050_04.jpg 454 303 385 322
050_05.jpg 1060 725 349 300
051_01.jpg 1129 595 437 431
051_02.jpg 1046 434 422 401
051_03.jpg 542 388 436 419
051_04.jpg 898 635 448 431
051_05.jpg 1129 405 501 529
052_01.jpg 899 523 279 279
052_02.jpg 347 565 279 255
052_03.jpg 413 455 401 338
052_04.jpg 671 809 190 201
052_05.jpg 1321 697 336 304
053_01.jpg 387 497 329 320
053_02.jpg 408 620 223 206
053_03.jpg 396 315 257 276
053_04.jpg 24 712 261 257
053_05.jpg 939 637 189 179
054_01.jpg 858 440 279 293
054_02.jpg 1209 409 320 320
054_03.jpg 1067 624 401 401
054_04.jpg 1331 589 334 303
054_05.jpg 745 451 386 349
055_01.jpg 905 649 368 320
055_02.jpg 1333 630 252 225
055_03.jpg 953 633 352 304
055_04.jpg 953 729 336 316
055_05.jpg 960 749 351 283
056_01.jpg 729 681 336 320
056_02.jpg 1001 516 267 255
056_03.jpg 601 505 368 320
056_04.jpg 1229 570 482 455
056_05.jpg 958 691 245 220
057_01.jpg 1429 454 223 251
057_02.jpg 872 398 279 265
057_03.jpg 990 417 327 363
057_04.jpg 1065 761 288 272
057_05.jpg 776 543 421 337
058_01.jpg 921 569 336 304
058_02.jpg 1257 497 401 401
058_03.jpg 1199 460 243 232
058_04.jpg 1003 470 459 423
058_05.jpg 1205 525 368 441
059_01.jpg 726 405 378 361
059_02.jpg 1113 470 423 423
059_03.jpg 1129 281 320 304
059_04.jpg 953 425 352 304
059_05.jpg 795 577 255 230
060_01.jpg 1032 353 461 461
060_02.jpg 645 518 380 401
060_03.jpg 977 456 243 243
060_04.jpg 910 353 485 461
060_05.jpg 814 328 443 422
061_01.jpg 946 446 395 351
061_02.jpg 1443 704 265 279
061_03.jpg 985 585 288 304
061_04.jpg 1347 425 388 437
061_05.jpg 416 560 390 416
062_01.jpg 813 522 485 461
062_02.jpg 825 537 304 288
062_03.jpg 1050 795 255 218
062_04.jpg 937 617 304 288
062_05.jpg 1201 547 485 479
063_01.jpg 265 505 352 304
063_02.jpg 1251 606 288 281
063_03.jpg 830 482 279 265
063_04.jpg 619 425 509 461
063_05.jpg 1287 448 317 276
064_01.jpg 982 645 286 274
064_02.jpg 1074 274 218 218
064_03.jpg 1171 349 460 385
064_04.jpg 1164 613 254 240
064_05.jpg 723 499 421 424
065_01.jpg 727 543 386 386
065_02.jpg 941 630 228 215
065_03.jpg 522 567 344 346
065_04.jpg 333 422 455 433
065_05.jpg 319 509 320 276
066_01.jpg 1178 830 222 201
066_02.jpg 913 328 306 279
066_03.jpg 1026 431 267 218
066_04.jpg 1302 683 320 249
066_05.jpg 1173 603 221 184
067_01.jpg 830 732 279 265
067_02.jpg 718 579 293 279
067_03.jpg 1003 672 368 349
067_04.jpg 482 690 251 251
067_05.jpg 823 759 156 193
068_01.jpg 1118 693 286 247
068_02.jpg 1137 257 332 298
068_03.jpg 547 522 412 461
068_04.jpg 1039 396 386 368
068_05.jpg 1174 749 303 276
069_01.jpg 925 682 232 201
069_02.jpg 1067 384 293 251
069_03.jpg 1113 569 352 352
069_04.jpg 1194 476 401 401
069_05.jpg 999 619 201 211
070_01.jpg 1026 468 255 230
070_02.jpg 777 649 352 272
070_03.jpg 948 470 404 368
070_04.jpg 789 425 485 437
070_05.jpg 1207 548 390 327
071_01.jpg 919 560 422 443
071_02.jpg 857 585 320 304
071_03.jpg 1104 418 222 211
071_04.jpg 1081 489 304 288
071_05.jpg 1171 528 206 206
072_01.jpg 217 361 384 304
072_02.jpg 674 759 267 243
072_03.jpg 1062 418 232 222
072_04.jpg 1067 624 401 401
072_05.jpg 960 548 426 419
073_01.jpg 1125 587 201 201
073_02.jpg 553 686 230 206
073_03.jpg 1321 361 336 304
073_04.jpg 977 830 201 201
073_05.jpg 759 658 211 175
074_01.jpg 1040 577 179 174
074_02.jpg 822 475 399 310
074_03.jpg 617 729 288 304
074_04.jpg 1435 662 237 257
074_05.jpg 442 640 322 278
075_01.jpg 819 267 349 349
075_02.jpg 989 613 243 243
075_03.jpg 1329 431 243 267
075_04.jpg 899 565 251 293
075_05.jpg 1051 534 201 201
076_01.jpg 975 589 249 249
076_02.jpg 1317 444 243 230
076_03.jpg 563 623 235 240
076_04.jpg 523 621 293 279
076_05.jpg 761 521 352 336
077_01.jpg 807 528 291 206
077_02.jpg 985 441 240 272
077_03.jpg 830 440 306 251
077_04.jpg 249 424 261 271
077_05.jpg 844 298 303 255
078_01.jpg 985 457 288 288
078_02.jpg 809 521 368 320
078_03.jpg 840 682 211 211
078_04.jpg 968 475 373 344
078_05.jpg 984 598 368 349
079_01.jpg 661 502 222 211
079_02.jpg 1132 395 278 276
079_03.jpg 525 543 349 349
079_04.jpg 425 585 272 304
079_05.jpg 1147 395 267 230
080_01.jpg 798 640 201 222
080_02.jpg 201 345 320 320
080_03.jpg 835 455 380 380
080_04.jpg 743 562 291 274
080_05.jpg 956 302 190 190
081_01.jpg 470 562 386 404
081_02.jpg 772 455 443 422
081_03.jpg 919 455 401 464
081_04.jpg 916 613 255 255
081_05.jpg 789 419 315 288
082_01.jpg 1263 492 228 257
082_02.jpg 861 635 249 276
082_03.jpg 1014 531 419 462
082_04.jpg 1237 354 380 395
082_05.jpg 1096 509 242 259
083_01.jpg 1177 505 336 272
083_02.jpg 844 495 306 279
083_03.jpg 1081 553 352 336
083_04.jpg 1088 476 464 443
083_05.jpg 1021 433 331 294
084_01.jpg 916 528 255 267
084_02.jpg 941 551 251 265
084_03.jpg 1032 498 558 461
084_04.jpg 711 570 177 196
084_05.jpg 105 553 288 288
085_01.jpg 260 576 222 201
085_02.jpg 1081 505 336 320
085_03.jpg 178 608 259 247
085_04.jpg 900 497 445 373
085_05.jpg 838 450 485 437
086_01.jpg 835 652 361 370
086_02.jpg 634 710 317 327
086_03.jpg 1413 553 223 237
086_04.jpg 1060 613 373 353
086_05.jpg 1152 761 259 215
087_01.jpg 892 543 404 386
087_02.jpg 940 666 422 371
087_03.jpg 914 480 341 337
087_04.jpg 745 545 222 222
087_05.jpg 934 405 446 501
088_01.jpg 1274 474 534 534
088_02.jpg 750 579 315 286
088_03.jpg 965 369 441 416
088_04.jpg 617 488 349 331
088_05.jpg 856 562 368 368
089_01.jpg 1261 395 380 370
089_02.jpg 984 598 349 349
089_03.jpg 223 223 359 401
089_04.jpg 866 369 291 293
089_05.jpg 1113 553 288 304
090_01.jpg 1062 507 356 337
090_02.jpg 866 565 448 477
090_03.jpg 1278 617 386 368
090_04.jpg 1130 386 448 470
090_05.jpg 969 489 288 320
